[gd_scene load_steps=12 format=3 uid="uid://b66ow52udcnes"]

[ext_resource type="PackedScene" uid="uid://bxvatvk5ouf6x" path="res://asset/comet.glb" id="1_6y0k5"]
[ext_resource type="Script" path="res://script/title.gd" id="1_uxx74"]
[ext_resource type="PackedScene" uid="uid://77gkjjacy5da" path="res://asset/huki.glb" id="2_ydjlb"]
[ext_resource type="PackedScene" uid="uid://bdrjgfeyjgtdx" path="res://asset/onewa.glb" id="3_n1jsu"]
[ext_resource type="PackedScene" uid="uid://cjt31ru5lmrv8" path="res://asset/pohatu.glb" id="4_uk45s"]
[ext_resource type="Material" uid="uid://b25gmyusb07op" path="res://asset/new_procedural_sky_material.tres" id="5_gddin"]
[ext_resource type="FontFile" uid="uid://ddnn40owuqdef" path="res://font/PixAntiqua.ttf" id="6_31fs8"]

[sub_resource type="Sky" id="Sky_r3b78"]
sky_material = ExtResource("5_gddin")

[sub_resource type="Environment" id="Environment_3aryv"]
background_mode = 2
sky = SubResource("Sky_r3b78")
sky_custom_fov = 36.5
ambient_light_source = 3
ambient_light_color = Color(0.838958, 0.706783, 0.57592, 1)
ambient_light_energy = 1.19

[sub_resource type="QuadMesh" id="QuadMesh_0np08"]

[sub_resource type="StandardMaterial3D" id="StandardMaterial3D_gyoo4"]
albedo_color = Color(0.654902, 0.419608, 0.203922, 1)
metallic_specular = 0.46
roughness = 0.55

[node name="title" type="Node3D"]
script = ExtResource("1_uxx74")

[node name="comet" parent="." instance=ExtResource("1_6y0k5")]
transform = Transform3D(1, 0, 0, 0, 1, 0, 0, 0, 1, -0.000181116, 0.0168836, 0.0602147)

[node name="huki" parent="." instance=ExtResource("2_ydjlb")]
transform = Transform3D(0.736475, -0.0270888, -0.675922, 0, 0.999198, -0.0400446, 0.676465, 0.0294919, 0.735884, 0.0611041, -0.00125057, 0.0337879)

[node name="onewa" parent="." instance=ExtResource("3_n1jsu")]
transform = Transform3D(0.75985, 0, 0.650098, 0, 1, 0, -0.650098, 0, 0.75985, -0.0644107, -0.000871233, 0.0229291)

[node name="pohatu" parent="." instance=ExtResource("4_uk45s")]
transform = Transform3D(1, 0, 0, 0, 1, 0, 0, 0, 1, 0.00108356, 0, -0.0788968)

[node name="Camera3D" type="Camera3D" parent="."]
transform = Transform3D(1, 0, 0, 0, 0.997053, -0.076719, 0, 0.076719, 0.997053, 0, 0.0587044, 0.182)
environment = SubResource("Environment_3aryv")
fov = 63.2742

[node name="Label3D" type="Label3D" parent="."]
transform = Transform3D(1, 0, 0, 0, 0.990748, -0.135716, 0, 0.135716, 0.990748, 0.015, 0.315, -0.328)
shaded = true
fixed_size = true
alpha_hash_scale = 1.09
text = "Comet ligue"
font = ExtResource("6_31fs8")
font_size = 65
outline_size = 3

[node name="MeshInstance3D" type="MeshInstance3D" parent="."]
transform = Transform3D(2.6619, 0, 0, 0, -7.47851e-08, 1, 0, -1.71088, -4.37114e-08, 0, 0.000746445, 0)
mesh = SubResource("QuadMesh_0np08")
surface_material_override/0 = SubResource("StandardMaterial3D_gyoo4")

[node name="DirectionalLight3D" type="DirectionalLight3D" parent="."]
transform = Transform3D(0.649899, 0.338645, -0.680405, 0, 0.895246, 0.445573, 0.76002, -0.289577, 0.581819, -1.87338, 0.637817, 0)
